seq_id,A,C,D,E,F,G,H,I,K,L,M,N,P,Q,R,S,T,V,W,Y
0C349,0.0000,0.2727,0.0000,0.0455,0.0000,0.1364,0.0909,0.0000,0.0909,0.0000,0.0000,0.0000,0.0909,0.0455,0.1364,0.0909,0.0000,0.0000,0.0000,0.0000
0C828,0.0580,0.0870,0.0435,0.0145,0.0290,0.0725,0.0145,0.0145,0.0145,0.0580,0.0725,0.0290,0.0725,0.0145,0.0725,0.0870,0.1159,0.1159,0.0000,0.0145
0C829,0.0500,0.0750,0.0500,0.0250,0.0250,0.0625,0.0125,0.0125,0.0500,0.0375,0.0625,0.0375,0.1000,0.0125,0.0875,0.0750,0.1125,0.1000,0.0000,0.0125
0CB20,0.0650,0.1138,0.0407,0.0569,0.0325,0.0569,0.0081,0.0244,0.0325,0.0407,0.0813,0.0407,0.0325,0.0407,0.0650,0.0813,0.0569,0.0976,0.0000,0.0325
28879,0.0556,0.0833,0.0972,0.0417,0.0417,0.0972,0.0139,0.0000,0.0139,0.0556,0.0694,0.0417,0.0417,0.0000,0.0972,0.0972,0.0694,0.0694,0.0000,0.0139
28880,0.0556,0.1111,0.0139,0.0278,0.0000,0.0694,0.0139,0.0417,0.0556,0.0833,0.0278,0.0000,0.0139,0.0278,0.1250,0.1250,0.1389,0.0556,0.0000,0.0139
86DU6,0.0548,0.0959,0.1096,0.0274,0.0274,0.0685,0.0274,0.0137,0.0411,0.1096,0.0411,0.0274,0.0959,0.0411,0.0822,0.0685,0.0274,0.0274,0.0137,0.0000
0C1X2,0.0698,0.0581,0.0581,0.0349,0.0349,0.0930,0.0000,0.0349,0.0465,0.1047,0.0233,0.0465,0.0465,0.0349,0.1047,0.0465,0.0930,0.0116,0.0000,0.0581
0C837,0.0952,0.0317,0.1111,0.0317,0.0159,0.0952,0.0000,0.0159,0.0317,0.0794,0.0476,0.0317,0.0635,0.0635,0.0635,0.0317,0.0476,0.1111,0.0317,0.0000
0CE77,0.0500,0.3000,0.0000,0.0000,0.0000,0.1500,0.0500,0.0000,0.1000,0.0000,0.0000,0.1000,0.0000,0.0500,0.0500,0.1000,0.0000,0.0000,0.0500,0.0000
0DQY7,0.1379,0.2069,0.0000,0.0000,0.0000,0.0690,0.0345,0.0000,0.0000,0.0690,0.0000,0.0345,0.1034,0.0345,0.0000,0.0000,0.2069,0.0690,0.0000,0.0345
15471,0.0625,0.0625,0.1094,0.0625,0.0469,0.0625,0.0156,0.0156,0.0469,0.0469,0.0781,0.0156,0.0469,0.0000,0.0938,0.0938,0.0469,0.0781,0.0000,0.0156
28881,0.0556,0.1111,0.0556,0.0000,0.0000,0.0833,0.0139,0.0278,0.0972,0.1111,0.0278,0.0000,0.0139,0.0417,0.0833,0.1111,0.0972,0.0556,0.0000,0.0139
9XZK2,0.0845,0.1127,0.0282,0.0000,0.0000,0.0704,0.0141,0.0423,0.0986,0.0986,0.0423,0.0141,0.0141,0.0282,0.0845,0.0986,0.1127,0.0423,0.0000,0.0141
9XZK5,0.0488,0.0854,0.0488,0.0366,0.0854,0.0732,0.0244,0.0488,0.0732,0.0976,0.0366,0.0366,0.0366,0.0000,0.0366,0.0610,0.0854,0.0488,0.0244,0.0122
2BKJ0,0.0270,0.0946,0.0811,0.0405,0.0541,0.0676,0.0000,0.0270,0.0541,0.1351,0.0405,0.0270,0.0676,0.0676,0.0405,0.0811,0.0270,0.0405,0.0000,0.0270
05487,0.0000,0.2222,0.0000,0.0000,0.0000,0.1111,0.0000,0.2222,0.0000,0.0000,0.0000,0.1111,0.1111,0.0000,0.2222,0.0000,0.0000,0.0000,0.0000,0.0000
0C831,0.0694,0.1111,0.0556,0.0000,0.0000,0.0972,0.0139,0.0139,0.0972,0.1111,0.0417,0.0000,0.0139,0.0278,0.0972,0.0833,0.0972,0.0556,0.0000,0.0139
28878,0.0769,0.3077,0.0769,0.0000,0.0769,0.0769,0.0769,0.0000,0.0769,0.0000,0.0000,0.0769,0.0769,0.0000,0.0000,0.0000,0.0000,0.0000,0.0000,0.0769
9XZL4,0.0694,0.1111,0.0139,0.0278,0.0000,0.0694,0.0139,0.0417,0.0556,0.0972,0.0139,0.0000,0.0278,0.0278,0.1250,0.0972,0.1250,0.0694,0.0000,0.0139
9XZL5,0.0556,0.1111,0.0139,0.0278,0.0000,0.0694,0.0139,0.0417,0.0556,0.0972,0.0278,0.0000,0.0278,0.0278,0.1250,0.1111,0.1389,0.0556,0.0000,0.0000
2KJ30,0.0769,0.0897,0.0513,0.0256,0.0513,0.0769,0.0256,0.0385,0.0769,0.1026,0.0513,0.0641,0.0385,0.0000,0.0385,0.0513,0.0641,0.0513,0.0256,0.0000
4HPG6,0.0769,0.1026,0.1795,0.0769,0.0256,0.1026,0.0513,0.0000,0.0769,0.0000,0.0256,0.0256,0.0256,0.0000,0.1282,0.0769,0.0000,0.0000,0.0000,0.0256
4HPG7,0.0448,0.0896,0.1045,0.0448,0.0448,0.0896,0.0149,0.0149,0.0149,0.0448,0.0299,0.0448,0.0448,0.0000,0.0746,0.1194,0.0896,0.0746,0.0000,0.0149
4HPG8,0.0513,0.1282,0.1538,0.0769,0.0000,0.1282,0.0256,0.0000,0.0513,0.0000,0.0256,0.0513,0.0513,0.0000,0.1282,0.1026,0.0000,0.0000,0.0000,0.0256
4HPH0,0.0408,0.1224,0.1224,0.0816,0.0000,0.1224,0.0204,0.0000,0.0204,0.0000,0.0204,0.0612,0.0816,0.0000,0.1429,0.1224,0.0204,0.0000,0.0000,0.0204
4HPH1,0.0746,0.0746,0.1045,0.0448,0.0448,0.0597,0.0299,0.0000,0.0299,0.0597,0.0299,0.0149,0.0299,0.0000,0.0896,0.1194,0.0896,0.0746,0.0000,0.0299
4HPH2,0.0656,0.0656,0.1311,0.0492,0.0656,0.0656,0.0328,0.0000,0.0492,0.0492,0.0328,0.0164,0.0164,0.0000,0.0984,0.0820,0.0656,0.0984,0.0000,0.0164
0C1W4,0.0968,0.0645,0.0645,0.0645,0.0484,0.0645,0.0645,0.0161,0.0161,0.0806,0.0645,0.0484,0.0323,0.0000,0.0968,0.0484,0.0484,0.0806,0.0000,0.0000
0C259,0.0698,0.1860,0.0465,0.0000,0.0233,0.0930,0.0000,0.0465,0.0698,0.0233,0.0233,0.0465,0.1163,0.0233,0.0465,0.0698,0.0698,0.0000,0.0233,0.0233
0C830,0.0000,0.1765,0.0000,0.0294,0.0000,0.0588,0.0000,0.0000,0.0882,0.0294,0.0588,0.0294,0.1471,0.0588,0.0000,0.0882,0.1765,0.0294,0.0000,0.0294
0C832,0.0811,0.1622,0.0270,0.0270,0.0000,0.0811,0.0000,0.0270,0.0541,0.0000,0.0270,0.0541,0.0270,0.0000,0.0270,0.1892,0.0811,0.0270,0.0000,0.1081
0C833,0.0814,0.0930,0.0465,0.0116,0.0233,0.0465,0.0116,0.0581,0.0698,0.1163,0.0233,0.0349,0.0349,0.0349,0.0698,0.0581,0.1047,0.0581,0.0116,0.0116
0C834,0.1039,0.0779,0.0130,0.0649,0.0519,0.0519,0.0260,0.0390,0.0779,0.0909,0.0260,0.0390,0.0130,0.0519,0.0519,0.0909,0.0519,0.0260,0.0519,0.0000
69499,0.0147,0.1471,0.0000,0.0147,0.0588,0.0441,0.0147,0.0147,0.0147,0.1176,0.0441,0.0294,0.0588,0.0294,0.1324,0.0588,0.0735,0.0882,0.0147,0.0294
45RU7,0.0645,0.2258,0.0323,0.0323,0.0000,0.1613,0.0000,0.0323,0.0968,0.0000,0.0000,0.0323,0.0323,0.0323,0.0645,0.0968,0.0323,0.0323,0.0000,0.0323
5K0D2,0.0610,0.0854,0.0366,0.0488,0.0854,0.0732,0.0244,0.0488,0.0732,0.0976,0.0488,0.0366,0.0366,0.0000,0.0366,0.0610,0.0854,0.0244,0.0244,0.0122
5K0D3,0.0649,0.1039,0.0390,0.0130,0.0130,0.0649,0.0130,0.0649,0.0779,0.0779,0.0260,0.0130,0.0130,0.0260,0.0519,0.1169,0.1039,0.0649,0.0000,0.0519
5K0D5,0.0556,0.1111,0.0139,0.0278,0.0000,0.0694,0.0139,0.0417,0.0556,0.0972,0.0139,0.0000,0.0278,0.0278,0.1250,0.1111,0.1389,0.0694,0.0000,0.0000
5K0D6,0.0641,0.1026,0.0385,0.0128,0.0128,0.0513,0.0128,0.0641,0.0897,0.0769,0.0385,0.0385,0.0385,0.0256,0.0385,0.0769,0.1026,0.0769,0.0000,0.0385
5K0D7,0.0833,0.1111,0.0694,0.0278,0.0000,0.0417,0.0139,0.0417,0.0694,0.1250,0.0278,0.0278,0.0278,0.0278,0.0556,0.0556,0.1111,0.0556,0.0000,0.0278
5K0D8,0.0769,0.1026,0.0385,0.0128,0.0128,0.0513,0.0128,0.0513,0.0897,0.0897,0.0385,0.0385,0.0385,0.0256,0.0385,0.0769,0.0897,0.0769,0.0000,0.0385
9XZK3,0.0641,0.1026,0.0385,0.0128,0.0128,0.0513,0.0128,0.0641,0.0897,0.0769,0.0513,0.0385,0.0385,0.0256,0.0385,0.0769,0.1026,0.0641,0.0000,0.0385
9XZK4,0.0649,0.1039,0.0390,0.0130,0.0130,0.0649,0.0130,0.0519,0.0779,0.0779,0.0390,0.0130,0.0130,0.0260,0.0519,0.1169,0.1169,0.0519,0.0000,0.0519
4UJF7,0.0556,0.0833,0.0972,0.0417,0.0417,0.0972,0.0139,0.0139,0.0139,0.0417,0.0694,0.0417,0.0417,0.0000,0.0972,0.0972,0.0694,0.0694,0.0000,0.0139
4UKB4,0.0781,0.0625,0.1250,0.0312,0.0625,0.0781,0.0312,0.0156,0.0469,0.0469,0.0781,0.0156,0.0312,0.0000,0.0938,0.0625,0.0312,0.0938,0.0000,0.0156
4HPG9,0.0541,0.1081,0.1622,0.0270,0.0000,0.1351,0.0270,0.0000,0.0811,0.0000,0.0270,0.0270,0.0270,0.0000,0.1622,0.1081,0.0000,0.0000,0.0000,0.0541
4HPH3,0.0533,0.0800,0.0533,0.0267,0.0267,0.0533,0.0133,0.0133,0.0533,0.0400,0.0267,0.0400,0.1067,0.0133,0.0800,0.0800,0.1200,0.1067,0.0000,0.0133
4HPH4,0.0625,0.0938,0.0469,0.0156,0.0312,0.0625,0.0156,0.0156,0.0156,0.0625,0.0312,0.0469,0.0781,0.0156,0.0625,0.0938,0.1094,0.1250,0.0000,0.0156
2BKK1,0.0526,0.0921,0.0789,0.0395,0.0395,0.0789,0.0263,0.0132,0.0658,0.1447,0.0395,0.0132,0.0658,0.0395,0.0921,0.0658,0.0132,0.0263,0.0132,0.0000
2BKK5,0.0556,0.0972,0.1111,0.0278,0.0278,0.0694,0.0278,0.0139,0.0417,0.1389,0.0278,0.0278,0.0694,0.0417,0.0833,0.0694,0.0278,0.0278,0.0139,0.0000
2BKK9,0.0411,0.0959,0.1096,0.0411,0.0274,0.0548,0.0274,0.0274,0.0411,0.1233,0.0548,0.0274,0.0548,0.0411,0.0822,0.0822,0.0274,0.0274,0.0137,0.0000
2BKV7,0.0548,0.0959,0.1096,0.0274,0.0274,0.0685,0.0274,0.0137,0.0411,0.1096,0.0548,0.0274,0.0685,0.0411,0.0822,0.0685,0.0274,0.0411,0.0137,0.0000
45RU8,0.0455,0.1364,0.0455,0.0227,0.0000,0.0682,0.0227,0.0227,0.0455,0.1364,0.0227,0.0682,0.0000,0.0227,0.0682,0.1364,0.0682,0.0682,0.0000,0.0000
45RU9,0.1364,0.0152,0.0606,0.0455,0.0455,0.0606,0.0000,0.0758,0.0152,0.2121,0.0303,0.0303,0.0758,0.0152,0.0455,0.0909,0.0303,0.0152,0.0000,0.0000
4UJD9,0.0500,0.0750,0.0500,0.0125,0.0250,0.0750,0.0125,0.0125,0.0625,0.0375,0.0625,0.0375,0.1000,0.0125,0.0875,0.0750,0.1000,0.1000,0.0000,0.0125
4UJE7,0.0645,0.0806,0.0645,0.0000,0.0323,0.0484,0.0161,0.0484,0.0645,0.1452,0.0323,0.0000,0.0645,0.0484,0.0806,0.0806,0.0484,0.0645,0.0000,0.0161
4UJQ7,0.0484,0.0806,0.0806,0.0000,0.0161,0.0161,0.0323,0.0484,0.0806,0.1452,0.0323,0.0323,0.0968,0.0645,0.0484,0.0484,0.0484,0.0806,0.0000,0.0000
4UJX8,0.1034,0.0862,0.0517,0.0000,0.0517,0.0345,0.0345,0.0517,0.0690,0.1207,0.0345,0.0345,0.0862,0.0172,0.0517,0.0517,0.0690,0.0517,0.0000,0.0000
4UJZ7,0.1053,0.0702,0.0702,0.0702,0.0526,0.0526,0.0702,0.0175,0.0175,0.0877,0.0175,0.0526,0.0351,0.0000,0.0877,0.0526,0.0526,0.0877,0.0000,0.0000
4UK94,0.0282,0.1268,0.0423,0.0563,0.0282,0.0986,0.0141,0.0141,0.0282,0.1408,0.0563,0.0000,0.0282,0.0141,0.0423,0.0986,0.0845,0.0845,0.0141,0.0000
4UKA0,0.0746,0.0896,0.0896,0.0299,0.0299,0.0299,0.0000,0.0746,0.0299,0.1493,0.0149,0.0299,0.0746,0.0000,0.1194,0.0299,0.0896,0.0299,0.0149,0.0000
4UKL2,0.0580,0.0870,0.0435,0.0145,0.0290,0.0725,0.0145,0.0145,0.0145,0.0580,0.0725,0.0290,0.0725,0.0145,0.0725,0.0870,0.1159,0.1159,0.0000,0.0145
